0.000000 2.250000 1.500000
0.021538 2.250000 1.500000
0.000000 2.254234 1.497984

0.021510 2.254102 1.498047
0.000000 2.254234 1.497984
0.021538 2.250000 1.500000

0.000000 2.254234 1.497984
0.021510 2.254102 1.498047
0.000000 2.262428 1.493874

0.021453 2.262048 1.494067
0.000000 2.262428 1.493874
0.021510 2.254102 1.498047

0.000000 2.262428 1.493874
0.021453 2.262048 1.494067
0.000000 2.273901 1.487514

0.021365 2.273199 1.487915
0.000000 2.273901 1.487514
0.021453 2.262048 1.494067

0.000000 2.273901 1.487514
0.021365 2.273199 1.487915
0.000000 2.284554 1.481001

0.021274 2.283582 1.481616
0.000000 2.284554 1.481001
0.021365 2.273199 1.487915

0.000000 2.284554 1.481001
0.021274 2.283582 1.481616
0.000000 2.294387 1.474375

0.021182 2.293195 1.475208
0.000000 2.294387 1.474375
0.021274 2.283582 1.481616

0.000000 2.294387 1.474375
0.021182 2.293195 1.475208
0.000000 2.303401 1.467676

0.021089 2.302039 1.468726
0.000000 2.303401 1.467676
0.021182 2.293195 1.475208

0.000000 2.303401 1.467676
0.021089 2.302039 1.468726
0.000000 2.311596 1.460944

0.020996 2.310114 1.462207
0.000000 2.311596 1.460944
0.021089 2.302039 1.468726

0.000000 2.311596 1.460944
0.020996 2.310114 1.462207
0.000000 2.318971 1.454220

0.020902 2.317419 1.455688
0.000000 2.318971 1.454220
0.020996 2.310114 1.462207

0.000000 2.318971 1.454220
0.020902 2.317419 1.455688
0.000000 2.325527 1.447543

0.020809 2.323956 1.449207
0.000000 2.325527 1.447543
0.020902 2.317419 1.455688

0.000000 2.325527 1.447543
0.020809 2.323956 1.449207
0.000000 2.331263 1.440955

0.020717 2.329724 1.442798
0.000000 2.331263 1.440955
0.020809 2.323956 1.449207

0.000000 2.331263 1.440955
0.020717 2.329724 1.442798
0.000000 2.336180 1.434495

0.020627 2.334723 1.436499
0.000000 2.336180 1.434495
0.020717 2.329724 1.442798

0.000000 2.336180 1.434495
0.020627 2.334723 1.436499
0.000000 2.340277 1.428204

0.020538 2.338953 1.430347
0.000000 2.340277 1.428204
0.020627 2.334723 1.436499

0.000000 2.340277 1.428204
0.020538 2.338953 1.430347
0.000000 2.343555 1.422121

0.020453 2.342413 1.424377
0.000000 2.343555 1.422121
0.020538 2.338953 1.430347

0.000000 2.343555 1.422121
0.020453 2.342413 1.424377
0.000000 2.346013 1.416288

0.020370 2.345105 1.418628
0.000000 2.346013 1.416288
0.020453 2.342413 1.424377

0.000000 2.346013 1.416288
0.020370 2.345105 1.418628
0.000000 2.347652 1.410744

0.020291 2.347028 1.413135
0.000000 2.347652 1.410744
0.020370 2.345105 1.418628

0.000000 2.347652 1.410744
0.020291 2.347028 1.413135
0.000000 2.348472 1.405531

0.020216 2.348181 1.407935
0.000000 2.348472 1.405531
0.020291 2.347028 1.413135

0.000000 2.348472 1.405531
0.020216 2.348181 1.407935
0.000000 2.348472 1.403109

0.020147 2.348566 1.403064
0.000000 2.348472 1.403109
0.020216 2.348181 1.407935

0.000000 2.348472 1.403109
0.020147 2.348566 1.403064
0.000000 2.348472 1.400687

0.020082 2.348181 1.398560
0.000000 2.348472 1.400687
0.020147 2.348566 1.403064

0.000000 2.348472 1.400687
0.020082 2.348181 1.398560
0.000000 2.347652 1.396253

0.020023 2.347028 1.394458
0.000000 2.347652 1.396253
0.020082 2.348181 1.398560

0.000000 2.347652 1.396253
0.020023 2.347028 1.394458
0.000000 2.346013 1.392271

0.019970 2.345105 1.390796
0.000000 2.346013 1.392271
0.020023 2.347028 1.394458